1	-0.042	-0.045	0.136	-0.029	-0.133	-0.042	0.079	-0.141	-0.072	-0.156	-0.109	0.014	0.015	-0.04	0.039	-0.074	-0.115	0.132	0.064	0.023	0.041	-0.099	-0.138	0.018	-0.028	-0.034	0.098	-0.038	0.065	0.03	-0.025	-0.084	-0.122	0.065	0.106	0.086	-0.084	-0.077	0.011	-0.017	-0.099	-0.096	0.079	-0.093	0.11	-0.048	-0.165	0.047	0.041	0.112	-0.056	-0.025	0.053	-0.083	-0.048	0.016	0.037	0.104	0.013	0.034	-0.011	0.005	0.02	-0.067	0.089	0.052	-0.071	-0.025	-0.094	-0.012	0.04	-0.012	0.045	-0.058	0.095	0.004	-0.085	0.133	0.081	-0.174	0.104	-0.07	0.077	0.088	0.09	-0.124	0.042	0.016	-0.033	0.026	0.078	0.041	0.036	0.093	-0.051	0.085	0.102	-0.001	0.056	0.038	-0.06	-0.021	0.053	-0.02	0.042	0.009	-0.024	-0.054	0.021	0.038	-0.023	0.073	0.106	-0.004	0.094	-0.126	0.104	0.03	0.079	-0.059	0.052	0.048	-0.003	-0.108	0.064	-0.069	0.039	-0.048	0.315	0.018	0.061	0.129	-0.023	0.058	-0.01	-0.015	0.021	-0.057	-0.107	0.129	-0.152
-0.042	1	-0.064	-0.104	-0.109	0.018	0.101	-0.163	0.258	0.109	0.015	0.097	-0.027	-0.173	0.039	-0.053	0.099	0.347	-0.181	-0.063	-0.147	-0.006	0.12	0.161	0.035	-0.046	0.077	-0.087	0.093	-0.06	0.014	0.217	0.132	0.023	0.025	0.057	-0.085	0.097	0.154	-0.073	0.069	0.147	-0.001	-0.065	-0.022	-0.063	0.068	-0.076	-0.044	0.071	-0.098	0.005	-0.044	-0.126	-0.003	-0.115	-0.029	-0.008	-0.102	0.126	-0.021	-0.05	-0.072	-0.013	0.032	-0.138	-0.027	-0.006	-0.184	-0.009	0.119	0.098	0.023	-0.097	0.192	-0.028	0.099	0.08	-0.039	-0.096	0.127	-0.095	0.015	-0.048	-0.058	-0.081	0.056	-0.083	-0.092	0.003	-0.026	-0.009	0.052	-0.044	-0.097	0.009	-0.072	-0.044	-0.139	-0.016	-0.046	0.163	-0.023	-0.062	0.036	0.007	-0.088	0.122	0.038	0.136	-0.013	-0.075	-0.098	-0.089	0.102	-0.008	0.142	-0.1	-0.13	-0.096	-0.004	0.05	-0.085	-0.065	0.155	-0.059	0.058	-0.131	0.141	-0.084	-0.15	-0.155	-0.148	-0.012	-0.113	-0.016	0.037	0.01	0.355	0.204	-0.098	0.356
-0.045	-0.064	1	-0.075	0.045	0.269	0.138	-0.177	0.135	-0.139	0.049	0.033	0.092	0.12	-0.118	-0.075	-0.133	0.095	-0.061	-0.005	0.149	0.129	-0.019	-0.142	-0.059	-0.043	0.118	-0.079	0.096	-0.078	-0.121	-0.026	0.038	-0.099	-0.015	-0.02	-0.053	0.071	0.037	-0.068	-0.053	-0.085	-0.045	0.016	-0.124	-0.05	-0.186	-0.102	0.059	-0.004	0.006	0.206	-0.069	-0.021	-0.059	-0.125	-0.05	0.032	-0.038	-0.098	-0.003	-0.088	0.052	-0.087	0.002	0.005	0.078	0.175	-0.187	-0.025	-0.02	-0.022	0.055	-0.118	-0.042	0.008	0.026	-0.039	-0.059	-0.078	0.183	-0.087	-0.095	-0.025	-0.083	0.02	0.052	0.042	-0.028	-0.043	-0.001	0.016	-0.126	-0.071	0.036	0.022	-0.019	0.03	0.129	-0.05	0.113	-0.028	-0.042	-0.006	-0.11	0.016	-0.008	-0.135	0.207	-0.094	-0.002	0.018	-0.145	-0.09	-0.017	-0.012	-0.012	-0.029	0.154	-0.045	0.146	0.052	0.035	0.044	-0.105	-0.001	0.024	0.511	0.047	-0.022	0.053	0.04	0.027	0.03	0.02	0.116	-0.106	0.067	-0.05	0.104	-0.05	-0.071
0.136	-0.104	-0.075	1	0.066	-0.115	-0.093	0.247	-0.153	-0.15	-0.063	-0.15	-0.002	-0.044	0.117	0.059	-0.049	-0.189	0.088	0.086	-0.08	-0.034	-0.09	-0.023	-0.065	-0.14	-0.068	0.051	-0.071	0.008	-0.013	0.022	-0.106	0.001	0.033	0.043	0.062	-0.128	0.023	0.016	-0.064	-0.124	-0.036	0.08	-0.02	0.18	0.047	0.067	-0.013	-0.018	0.094	-0.165	0.033	0.086	-0.003	0.125	-0.013	-0.096	0.085	0.126	0.088	0.179	-0.067	0.143	-0.108	0.038	-0.016	-0.055	0.235	0.113	-0.077	0.013	-0.085	0.113	-0.158	0.034	0.007	0.092	0.069	0.031	-0.112	0.251	0.071	0.026	0.032	0.029	-0.171	0.01	0.008	-0.052	0.039	0.005	0.108	0.069	0.089	-0.034	0.013	0.045	0.103	0.091	-0.003	-0.048	0.129	-0.01	0.103	-0.02	0.034	-0.051	-0.128	0	0.062	0.056	0.125	0.037	0.001	0.046	-0.086	0.028	-0.017	0.108	-0.098	-0.002	0.092	-0.003	-0.071	0.142	-0.047	0.01	-0.085	0.127	-0.046	0.027	0.068	-0.089	0.023	0.007	0.107	0.004	-0.079	-0.271	0.173	-0.032
-0.029	-0.109	0.045	0.066	1	0.105	-0.031	0.081	-0.102	0.003	0.109	-0.009	-0.064	-0.173	0.116	0.049	0.005	-0.005	0.072	-0.046	-0.183	-0.133	0.093	0.117	-0.039	0.065	-0.09	-0.058	-0.129	-0.071	0.025	-0.015	-0.035	0.113	-0.021	-0.048	0.001	-0.024	0.003	0.075	0.024	0.035	0.082	-0.028	0.071	0.009	0.046	0.146	-0.072	-0.102	0	-0.075	0.15	-0.004	0.075	0.026	0.054	-0.028	0.04	-0.013	-0.026	0.094	-0.052	0.098	0.07	-0.049	-0.095	0.066	0.251	0.036	-0.026	-0.007	0.001	0.041	0.009	-0.015	-0.015	0.021	-0.002	-0.016	0.125	0.077	0.099	0.03	-0.034	0.033	0.161	0.018	-0.073	0.019	-0.148	-0.014	0.012	0.071	-0.007	0.102	-0.055	-0.016	-0.118	0.051	-0.103	0.028	0.005	-0.028	-0.024	-0.02	-0.056	-0.023	-0.055	0.039	-0.13	0.057	0.039	0.018	-0.024	0.006	0.044	0.015	-0.014	0.006	0.011	-0.035	-0.021	0.134	0.108	-0.004	-0.023	0.016	-0.055	-0.01	0.002	0.024	-0.008	-0.028	0.084	0.013	-0.027	-0.059	-0.034	-0.035	0.011	0.05
-0.133	0.018	0.269	-0.115	0.105	1	0.171	-0.245	0.218	0.036	0.084	0.15	0.045	0.016	-0.11	-0.009	-0.1	0.17	-0.117	-0.064	0.063	0.08	0.033	-0.046	-0.032	0.016	0.055	-0.14	0.033	-0.105	-0.018	-0.018	-0.041	0.003	-0.042	-0.119	-0.042	0.193	0.073	-0.151	0.083	0.059	0.038	-0.037	-0.07	-0.026	-0.053	-0.01	0.06	0.052	-0.031	0.136	-0.087	-0.051	-0.117	-0.012	-0.142	0.035	-0.083	-0.163	-0.046	-0.18	0.096	-0.172	-0.022	-0.074	-0.001	0.123	-0.159	-0.03	-0.043	-0.031	0.071	-0.208	-0.052	-0.072	-0.002	-0.055	-0.088	-0.027	0.368	-0.148	-0.072	-0.086	-0.045	-0.065	0.112	0.006	-0.001	-0.015	-0.035	0.002	-0.07	-0.092	-0.002	0.056	-0.014	-0.046	0.09	-0.185	0.026	0.019	-0.03	-0.021	-0.087	0.039	0.097	-0.066	0.308	-0.089	-0.039	0.01	-0.123	-0.055	-0.009	-0.096	0.132	-0.129	0.029	-0.091	0.124	0.002	-0.038	0.1	-0.046	-0.065	0.137	0.133	0.03	-0.129	0.022	-0.049	-0.047	0.015	-0.072	0.061	-0.1	0.033	0.015	0.198	-0.08	0.034
-0.042	0.101	0.138	-0.093	-0.031	0.171	1	-0.249	0.238	0.025	-0.043	0.144	-0.033	-0.093	-0.119	0.075	0.104	0.348	-0.097	-0.019	-0.051	-0.013	0.007	0.031	0.03	-0.065	0.099	-0.019	0.137	0.005	0.073	0.051	0.152	-0.041	-0.139	0.152	-0.086	0.138	0.102	-0.07	-0.054	0.208	0.009	-0.072	-0.004	-0.069	0.059	-0.021	-0.016	0.049	-0.13	0.108	-0.139	-0.201	-0.001	-0.178	-0.018	0.171	-0.098	-0.118	0.034	-0.161	-0.002	-0.183	0.032	-0.063	-0.053	0.061	-0.349	0.026	0.126	0.005	0.099	-0.12	0.188	-0.046	0.095	0.036	-0.098	-0.11	0.132	-0.227	-0.112	-0.05	-0.112	-0.046	0.004	0.064	0.051	0.011	-0.085	0.029	-0.164	-0.173	-0.098	0.011	-0.038	-0.051	0.022	0.002	-0.074	0.115	-0.066	0.057	0.024	-0.002	-0.013	0.094	0.134	-0.055	-0.097	0.019	-0.113	-0.129	0.194	0.026	0.135	-0.066	-0.034	-0.072	0.056	0.059	-0.134	-0.071	-0.012	-0.034	0.122	-0.056	0.113	-0.078	-0.098	-0.111	-0.095	-0.019	-0.088	-0.003	0.002	-0.109	0.123	0.235	-0.105	0.163
0.079	-0.163	-0.177	0.247	0.081	-0.245	-0.249	1	-0.26	0.037	-0.039	-0.255	-0.03	0.069	0.36	-0.016	-0.027	-0.254	0.196	0.087	0.027	-0.021	-0.015	0.02	-0.056	0.055	-0.11	0.033	-0.142	-0.029	-0.077	-0.058	-0.121	0.038	0.116	-0.065	0.051	-0.23	-0.104	0.157	-0.044	-0.146	0.049	0.037	0.095	0.11	0.158	0.066	-0.014	-0.063	0.075	-0.212	0.263	0.122	0.081	0.136	0.05	-0.125	0.113	0.202	-0.047	0.278	-0.045	0.379	-0.117	0.078	0.043	-0.076	0.38	0.125	-0.059	-0.013	-0.138	0.158	-0.196	0.042	-0.072	0.142	0.045	0.07	-0.237	0.354	0.234	0.03	0.054	0.031	-0.096	-0.01	-0.036	-0.012	0.006	-0.029	0.182	0.261	0.053	-0.049	0.043	0.049	-0.1	0.186	0.022	-0.054	0.132	-0.025	0.145	-0.032	-0.064	-0.007	-0.235	0.099	-0.009	0.023	0.289	0.077	-0.068	0.047	-0.13	0.069	-0.04	0.101	-0.153	-0.034	0.061	0.019	0.028	0.146	-0.232	-0.031	-0.064	0.056	0.01	0.059	0.108	-0.013	0.09	0.074	0.064	-0.063	-0.119	-0.299	0.149	-0.101
-0.141	0.258	0.135	-0.153	-0.102	0.218	0.238	-0.26	1	0.079	0.155	0.166	-0.023	-0.143	-0.016	-0.02	0.1	0.512	-0.207	-0.132	-0.113	-0.05	0.272	0.106	-0.016	-0.093	0.088	-0.081	0.279	-0.077	0.027	0.086	0.111	0.023	0.035	0.006	-0.169	0.352	0.225	-0.128	-0.023	0.172	-0.037	-0.117	0.059	-0.105	0.124	0.088	-0.034	0.028	-0.157	0.198	-0.071	-0.099	-0.057	-0.131	0.026	0.04	-0.156	-0.1	0.036	-0.12	-0.051	-0.208	0.154	-0.143	-0.108	0.168	-0.32	0.022	0.15	0.059	0.006	-0.143	0.088	-0.133	0.088	0.089	-0.108	-0.121	0.241	-0.297	-0.081	-0.094	-0.123	-0.064	0.019	0.007	-0.015	0.02	-0.081	-0.061	-0.05	-0.147	-0.112	0.028	-0.038	-0.084	0.098	-0.098	-0.071	0.165	0.038	0.006	0.05	-0.02	0.026	0.136	0.142	-0.02	-0.071	-0.039	-0.127	-0.149	0.081	-0.073	0.257	-0.136	0.043	-0.163	0.076	0.02	-0.093	-0.113	0.145	-0.028	0.053	-0.059	0.142	-0.158	-0.054	-0.082	-0.15	0.054	-0.134	-0.03	-0.006	-0.071	0.246	0.524	-0.174	0.365
-0.072	0.109	-0.139	-0.15	0.003	0.036	0.025	0.037	0.079	1	0.138	0.208	-0.093	0.024	0.164	-0.068	0.224	0.107	0.059	-0.088	0.045	-0.09	0.263	0.297	-0.119	0.026	-0.045	-0.096	-0.116	-0.107	-0.012	0.062	0.195	0.153	-0.131	-0.086	-0.122	0.108	0.032	-0.101	0.25	0.186	0.301	-0.07	0.224	-0.026	0.108	0.176	-0.152	-0.039	-0.119	0.007	0.18	-0.071	0.187	0.109	0.12	-0.007	-0.072	0.046	-0.131	-0.008	-0.074	0.093	0.065	-0.113	-0.126	-0.035	-0.088	0.073	0.054	-0.033	0.004	-0.046	0.22	-0.144	-0.063	0.119	-0.155	-0.074	0.045	0.003	0.083	-0.053	-0.076	-0.131	0.056	-0.094	-0.044	0.149	-0.038	-0.054	0.016	-0.024	-0.158	0.107	-0.039	-0.14	-0.152	0.116	-0.112	0.171	0.041	-0.122	0.124	-0.091	-0.031	0.08	0.052	0.045	-0.079	0.009	0.044	-0.126	-0.074	-0.084	0.331	-0.114	-0.103	-0.157	-0.083	-0.077	-0.096	-0.025	0.17	-0.055	0.028	-0.131	0.046	-0.108	-0.029	-0.108	-0.101	0.081	-0.082	-0.1	-0.048	-0.126	0.09	0.085	-0.155	0.267
-0.156	0.015	0.049	-0.063	0.109	0.084	-0.043	-0.039	0.155	0.138	1	0.165	-0.11	-0.039	0.046	-0.049	-0.001	0.081	-0.054	-0.168	-0.047	-0.064	0.228	0.209	-0.087	0.023	-0.099	-0.068	0.049	-0.077	-0.06	-0.046	0.049	-0.037	-0.025	-0.161	-0.061	0.099	0.118	-0.052	-0.016	0.097	0.043	-0.141	0.02	-0.063	0.005	0.083	0.004	-0.066	-0.085	0.082	0.141	-0.14	0.132	0.073	0.073	0.026	-0.062	-0.017	-0.087	0.033	-0.043	0.109	-0.011	-0.083	-0.104	0.071	0.115	0.144	-0.016	-0.019	0.009	0.012	0.075	-0.106	-0.025	0.025	-0.092	-0.082	0.229	0.017	0.215	-0.076	-0.099	-0.094	0.197	-0.093	-0.031	-0.003	0.012	-0.058	-0.003	-0.015	-0.111	0.228	-0.124	-0.106	0.03	-0.048	-0.083	0.02	0.058	-0.085	0.024	-0.122	-0.013	-0.134	0.012	-0.06	0.001	-0.05	-0.021	-0.066	-0.072	-0.101	0.211	-0.129	0.046	-0.123	0.076	-0.111	-0.09	0.106	0.154	-0.082	0.08	0.039	-0.028	-0.16	-0.006	0.017	-0.085	0.081	-0.025	0.076	-0.005	-0.075	-0.117	0.194	-0.165	0.185
-0.109	0.097	0.033	-0.15	-0.009	0.15	0.144	-0.255	0.166	0.208	0.165	1	-0.001	-0.09	-0.086	0.006	0.244	0.267	-0.04	-0.041	-0.05	-0.061	0.198	0.193	-0.067	-0.078	0.027	-0.103	0.033	-0.054	0.012	0.002	0.246	0.095	-0.047	-0.02	-0.074	0.206	-0.006	-0.12	0.195	0.186	0.111	-0.099	0.109	-0.109	-0.024	0.109	-0.097	0.168	-0.072	0.091	0.072	-0.189	0.013	0.005	0.01	0.163	-0.138	-0.034	-0.089	-0.096	0.084	-0.154	0.163	-0.101	-0.067	0.048	-0.234	0.1	0.046	0.003	0.015	-0.039	0.224	-0.066	0.023	0.011	-0.11	-0.042	0.229	-0.236	-0.084	-0.041	-0.061	-0.101	0.02	-0.083	-0.019	-0.02	-0.034	0.009	-0.089	-0.101	-0.104	0.112	-0.092	-0.164	0.111	-0.125	-0.109	0.052	-0.111	-0.09	-0.093	-0.047	0.004	0.01	0.114	-0.082	-0.028	-0.033	-0.106	-0.063	-0.046	-0.073	0.229	-0.109	-0.014	-0.153	0.011	0.014	-0.133	-0.079	0.17	-0.117	0.13	-0.046	-0.034	-0.122	-0.057	-0.108	-0.189	0.12	-0.111	-0.109	-0.102	-0.004	0.134	0.316	-0.146	0.203
0.014	-0.027	0.092	-0.002	-0.064	0.045	-0.033	-0.03	-0.023	-0.093	-0.11	-0.001	1	0.012	-0.04	-0.019	-0.031	-0.042	0.045	-0.008	0.003	0.213	-0.098	-0.111	-0.012	-0.044	0.029	0	0.069	0.006	-0.076	0.032	-0.008	-0.071	0.018	0.026	0.05	0.023	-0.069	-0.029	0.033	-0.113	-0.047	0.175	-0.035	0.046	-0.117	-0.024	0.133	0.047	0.103	0.108	-0.08	0.008	-0.096	0.01	-0.091	-0.022	0.032	-0.13	0.006	-0.014	0.044	-0.048	0.038	0.032	0.168	0.039	-0.143	-0.062	-0.084	0.013	0.029	-0.055	-0.04	-0.008	0.005	-0.096	0.001	0.02	-0.046	-0.078	-0.104	-0.021	0.022	0.014	-0.159	0.024	0.11	0.067	0.099	-0.008	-0.014	-0.035	0.039	-0.011	0.029	0.019	0.106	-0.007	0.126	0.025	-0.041	0.001	-0.03	-0.011	0.118	0.011	-0.037	-0.044	0.108	-0.005	-0.001	0.036	-0.034	0.006	-0.08	0.006	0.041	0.011	-0.018	0.02	0.11	0.028	-0.074	-0.018	0.008	0.065	-0.051	0.052	-0.002	0.013	0.018	-0.096	-0.02	-0.057	0.069	0.412	-0.052	0.032	0.062	-0.064
0.015	-0.173	0.12	-0.044	-0.173	0.016	-0.093	0.069	-0.143	0.024	-0.039	-0.09	0.012	1	-0.114	0.008	-0.019	-0.147	0.118	-0.015	0.691	0.123	-0.189	-0.099	0.074	0.109	-0.018	0.031	0.008	-0.009	-0.072	-0.093	-0.013	-0.049	0.037	-0.116	0.097	-0.072	-0.084	-0.036	0.093	-0.121	-0.047	0.024	0.003	0.055	-0.052	-0.083	0.07	-0.021	0.074	0.022	0.013	0.065	0.049	0.106	-0.096	-0.006	0.031	-0.053	-0.017	-0.072	0.107	0.007	0.001	0.046	0.162	-0.014	0.128	-0.062	0.023	-0.028	-0.041	0.017	-0.122	0.076	-0.026	-0.075	0.031	0.108	-0.033	0.057	-0.052	0.076	0.119	0.044	-0.027	0.036	0.092	0.032	0.03	0.106	-0.033	0.009	0.065	0.065	0.025	-0.015	0.077	0.015	0.149	-0.118	-0.029	-0.005	-0.094	0.076	0.039	-0.131	0.106	-0.061	-0.002	-0.006	0.012	0.121	-0.101	-0.01	-0.095	0.025	0.007	0.029	-0.008	-0.007	0.097	0.047	-0.168	0.072	-0.027	0.149	-0.027	0.035	0.067	0.057	0.078	-0.024	0.068	0.154	-0.037	0.04	-0.152	-0.07	0.031	-0.225
-0.04	0.039	-0.118	0.117	0.116	-0.11	-0.119	0.36	-0.016	0.164	0.046	-0.086	-0.04	-0.114	1	-0.034	0.039	0.011	0.004	-0.022	-0.108	-0.138	0.196	0.255	-0.161	0.13	-0.098	-0.07	-0.123	-0.081	-0.053	0.068	0.028	0.108	0.055	-0.063	-0.038	-0.044	-0.007	0.096	0.053	0.012	0.099	-0.054	0.17	-0.031	0.203	0.179	-0.132	-0.01	-0.069	-0.143	0.195	0.065	0.154	0.165	0.124	-0.145	0.013	0.181	-0.064	0.169	-0.038	0.344	-0.011	-0.043	-0.088	-0.027	0.162	0.099	-0.047	0.015	-0.083	0.009	-0.067	-0.053	-0.031	0.209	-0.14	-0.054	-0.011	0.232	0.287	-0.087	-0.064	-0.048	0.077	-0.114	-0.126	0.077	-0.085	-0.069	0.183	0.143	-0.071	-0.029	-0.022	-0.053	-0.201	0.027	-0.119	0.047	0.14	-0.098	0.282	-0.171	-0.118	0.138	-0.105	0.079	-0.046	0.088	0.075	-0.032	0.007	0.018	-0.031	-0.072	-0.065	-0.066	-0.224	-0.03	-0.018	-0.019	0.183	0.012	-0.104	-0.096	0.076	-0.078	-0.096	-0.023	-0.057	0.038	-0.038	0.034	0.098	-0.074	0.001	-0.115	-0.001	0.237
0.039	-0.053	-0.075	0.059	0.049	-0.009	0.075	-0.016	-0.02	-0.068	-0.049	0.006	-0.019	0.008	-0.034	1	-0.02	0.027	0.009	0.037	-0.012	0.003	-0.083	-0.078	-0.015	0.047	-0.043	0.022	0.007	0.011	0.108	-0.003	-0.11	-0.025	0.041	0.02	0.028	-0.028	0.007	0.018	0.023	0.044	-0.11	-0.013	-0.016	0.031	0.02	-0.012	-0.012	0.086	0.013	-0.04	-0.057	0.013	-0.046	-0.057	0.003	0.068	-0.003	-0.066	0.108	-0.01	0.097	-0.089	-0.007	0.013	-0.004	-0.068	0.03	0.064	0.019	-0.029	0.119	0.039	-0.038	0.025	-0.007	-0.081	0	-0.001	-0.057	-0.04	-0.067	0.055	0.022	0.005	-0.018	0.079	0.093	-0.031	0.029	0.131	-0.022	-0.065	-0.003	-0.009	0.061	0.027	-0.012	0.062	0.021	0.003	-0.018	-0.013	-0.004	-0.033	0.099	0.028	-0.017	-0.012	0.027	0.026	0.042	-0.001	0.055	0.073	-0.07	0.029	-0.029	0.031	0.01	0.065	0.013	-0.06	-0.08	0.041	0.017	-0.061	-0.018	0.038	-0.009	-0.022	0.018	-0.056	-0.022	-0.083	-0.002	-0.004	0.014	-0.039	0.024	-0.077
-0.074	0.099	-0.133	-0.049	0.005	-0.1	0.104	-0.027	0.1	0.224	-0.001	0.244	-0.031	-0.019	0.039	-0.02	1	0.154	0.073	-0.08	-0.011	-0.066	0.045	0.234	0.013	-0.011	-0.016	-0.052	-0.068	-0.009	-0.056	-0.062	0.19	0.228	-0.063	-0.008	-0.049	0.088	0.018	0.043	0.153	0.127	0.097	-0.077	0.151	-0.074	0.069	0.105	-0.048	-0.019	-0.052	-0.09	0.226	-0.118	0.229	0.05	-0.061	0.094	-0.081	0.035	-0.029	-0.022	-0.044	-0.076	0.218	-0.061	-0.089	-0.078	-0.098	0.156	0.093	-0.033	-0.04	0.012	0.207	-0.066	-0.05	0.097	-0.078	-0.064	-0.138	-0.091	-0.013	-0.03	-0.025	-0.098	-0.115	-0.082	0.011	0.055	0.004	0.053	-0.101	-0.075	-0.054	0.113	-0.068	-0.096	-0.065	0.12	-0.1	0.088	-0.045	-0.092	0.049	0.01	-0.007	-0.003	0.07	0.027	0.015	-0.047	0.027	-0.045	-0.065	-0.055	0.369	-0.056	-0.033	-0.118	-0.15	0.012	-0.064	-0.174	0.258	-0.082	0.138	-0.135	0.019	-0.103	-0.079	-0.087	-0.149	-0.114	-0.086	-0.154	0.05	-0.037	0.215	0.133	-0.058	0.182
-0.115	0.347	0.095	-0.189	-0.005	0.17	0.348	-0.254	0.512	0.107	0.081	0.267	-0.042	-0.147	0.011	0.027	0.154	1	-0.179	-0.05	-0.121	-0.087	0.227	0.155	-0.059	-0.074	0.106	-0.122	0.202	-0.121	0.073	0.172	0.209	0.067	-0.028	0.077	-0.177	0.259	0.255	-0.029	-0.042	0.365	-0.017	-0.106	0.054	-0.147	0.072	0.103	-0.069	0.095	-0.183	0.143	-0.143	-0.188	0.038	-0.144	0.095	0.096	-0.144	-0.121	-0.021	-0.149	-0.076	-0.166	0.094	-0.155	-0.153	0.154	-0.363	0.026	0.145	0.125	0.104	-0.111	0.284	-0.102	0.183	0.038	-0.147	-0.117	0.251	-0.268	-0.071	-0.066	-0.122	-0.109	0.035	-0.038	-0.038	0.026	-0.115	-0.048	-0.079	-0.136	-0.134	0.026	-0.083	-0.088	-0.007	-0.159	-0.129	0.261	0.016	-0.053	0.076	0.032	-0.042	0.096	0.12	0.039	-0.105	-0.033	-0.159	-0.128	0.154	-0.054	0.289	-0.171	-0.028	-0.136	0.025	0.022	-0.15	-0.08	0.217	-0.14	0.108	-0.122	0.196	-0.122	-0.119	-0.155	-0.179	0.024	-0.151	-0.103	-0.027	-0.113	0.235	0.42	-0.175	0.333
0.132	-0.181	-0.061	0.088	0.072	-0.117	-0.097	0.196	-0.207	0.059	-0.054	-0.04	0.045	0.118	0.004	0.009	0.073	-0.179	1	0.047	0.087	0.085	-0.11	-0.026	0.022	0.012	-0.026	0.053	-0.044	0.005	-0.016	-0.066	-0.053	-0.048	-0.043	-0.041	0.033	-0.077	-0.133	-0.039	0.055	-0.154	-0.033	0.065	0.01	0.077	-0.069	0.005	0.016	-0.027	0.067	-0.05	0.061	0.038	0.032	-0.016	-0.037	0.017	0.07	0.03	-0.007	0.035	0.005	0.016	-0.037	0.14	0.102	-0.069	0.134	0.003	0.003	0.007	0.049	0.039	-0.055	0.024	0.002	-0.048	-0.009	0.081	-0.109	0.091	-0.028	0.046	0.06	0.06	-0.061	0.015	0.036	0.053	0.113	0.003	-0.033	0.059	0.048	-0.023	0.017	0.041	0.014	0.193	0.073	-0.112	-0.023	0.03	-0.075	0.001	-0.024	-0.108	-0.116	-0.055	0.076	-0.058	0.275	0.091	-0.04	0.069	-0.064	0.07	0.014	0.071	-0.061	0.02	0.044	0.032	-0.082	0.038	-0.029	-0.038	-0.122	0.08	0.033	0.04	0.064	-0.125	0.075	-0.069	0.041	0.023	-0.102	-0.163	0.087	-0.151
0.064	-0.063	-0.005	0.086	-0.046	-0.064	-0.019	0.087	-0.132	-0.088	-0.168	-0.041	-0.008	-0.015	-0.022	0.037	-0.08	-0.05	0.047	1	-0.02	0.029	-0.039	-0.136	-0.041	0.035	0.074	0.048	-0.053	0.052	0.082	0.041	-0.011	-0.069	-0.017	0	0.076	-0.03	-0.085	0.004	-0.048	-0.07	-0.015	0.048	-0.024	0.097	-0.04	-0.071	0.028	0	0.069	-0.005	-0.08	0.07	-0.027	-0.022	0.064	-0.022	0.075	0.05	0.062	0.093	0.022	0.032	-0.025	0.096	-0.008	-0.113	0.043	-0.047	0.012	0.003	-0.063	-0.025	-0.049	0.057	0.004	-0.055	0.04	0.015	-0.055	0.089	-0.042	0.044	0.054	0.031	-0.07	0.092	0.021	-0.023	0.007	0.027	-0.018	-0.01	0.07	-0.111	0.078	0.092	0.004	0.019	0.037	-0.065	-0.012	0.074	0.001	0.056	0.005	-0.015	-0.009	0.01	0.014	0.035	0.043	0.009	0.023	0.103	-0.141	0.061	-0.008	0.077	-0.073	0.012	0.058	-0.008	-0.048	0.086	-0.071	0.031	-0.039	0.092	-0.012	0.016	0.082	-0.08	0.008	-0.032	0.103	-0.015	-0.03	-0.054	0.051	-0.036
0.023	-0.147	0.149	-0.08	-0.183	0.063	-0.051	0.027	-0.113	0.045	-0.047	-0.05	0.003	0.691	-0.108	-0.012	-0.011	-0.121	0.087	-0.02	1	0.132	-0.166	-0.111	0.092	0.086	0.004	0.025	-0.009	-0.017	-0.072	-0.111	-0.015	-0.051	0.03	-0.076	0.085	-0.026	-0.062	-0.067	0.102	-0.099	-0.033	0.045	-0.005	0.059	-0.02	-0.084	0.081	-0.01	0.078	-0.014	0.023	0.061	0.025	0.09	-0.086	0.006	0.037	-0.065	-0.002	-0.107	0.096	-0.047	-0.01	0.058	0.158	-0.02	0.072	-0.062	0.034	-0.054	-0.058	0.021	-0.122	0.073	-0.038	-0.046	0.027	0.124	-0.017	0.055	-0.05	0.051	0.121	0.021	-0.021	0.032	0.08	0.027	0.003	0.109	-0.03	0.048	0.074	0.058	0.027	-0.013	0.103	-0.004	0.122	-0.084	-0.028	-0.001	-0.116	0.065	0.038	-0.117	0.088	-0.052	-0.001	-0.033	-0.009	0.121	-0.088	0.01	-0.087	0.013	0.052	0.035	-0.015	-0.016	0.085	0.044	-0.144	0.046	-0.039	0.124	-0.033	-0.003	0.034	0.052	0.06	-0.013	0.052	0.12	-0.078	0.035	-0.121	-0.055	0.038	-0.216
0.041	-0.006	0.129	-0.034	-0.133	0.08	-0.013	-0.021	-0.05	-0.09	-0.064	-0.061	0.213	0.123	-0.138	0.003	-0.066	-0.087	0.085	0.029	0.132	1	-0.204	-0.128	0.196	0.008	-0.011	0.089	0.091	0.103	-0.071	-0.095	-0.159	-0.133	0.051	0.011	0.045	-0.103	0.024	0.015	0.016	-0.113	0.004	0.062	-0.045	0.029	-0.098	-0.057	0.432	0.009	0.088	0.089	-0.052	0.041	-0.04	-0.021	-0.102	-0.005	0.024	-0.086	0.07	-0.096	0.071	-0.08	-0.039	0.049	0.492	-0.001	-0.059	-0.072	-0.096	-0.026	-0.083	-0.035	-0.092	0.049	-0.019	-0.132	0.074	0.004	-0.061	-0.038	-0.099	0.042	0.005	0.1	-0.026	0.001	0.138	-0.032	0.071	0.006	-0.008	0.002	0.164	-0.102	0.034	0.063	0.146	-0.075	0.507	-0.059	-0.044	0.064	-0.104	-0.005	0.105	-0.038	0.087	-0.048	0.08	-0.065	0.017	0.047	0.005	0.011	-0.076	0.097	0.004	0.035	0.036	-0.014	-0.002	0.025	-0.12	-0.071	-0.006	0.105	0.019	0.051	-0.007	-0.024	0.051	-0.069	0	-0.029	0.05	0.183	-0.1	-0.101	0.093	-0.192
-0.099	0.12	-0.019	-0.09	0.093	0.033	0.007	-0.015	0.272	0.263	0.228	0.198	-0.098	-0.189	0.196	-0.083	0.045	0.227	-0.11	-0.039	-0.166	-0.204	1	0.187	-0.08	0.02	-0.031	-0.176	-0.097	-0.142	0.03	0.054	0.167	0.179	0.069	-0.048	-0.095	0.272	0.021	-0.024	0.063	0.144	0.118	-0.106	0.146	-0.097	0.124	0.164	-0.2	-0.096	-0.168	0.007	0.109	-0.129	0.061	0.084	0.17	-0.042	-0.093	0.086	-0.175	-0.049	0.009	0.101	0.048	-0.087	-0.169	0.006	-0.099	0.114	0.052	0.034	-0.065	-0.006	0.186	-0.075	0.015	0.077	-0.096	-0.07	0.151	-0.079	0.124	0.038	-0.076	-0.107	0.076	-0.106	-0.189	0.153	-0.013	-0.1	0.04	-0.039	-0.163	0.147	-0.123	-0.117	-0.111	-0.098	-0.168	0.087	0.016	-0.121	0.123	-0.1	-0.11	0.026	-0.056	-0.066	0.03	-0.029	-0.063	-0.047	-0.057	-0.067	0.335	-0.108	-0.049	-0.047	-0.02	-0.079	-0.056	-0.003	0.282	0.004	0.063	-0.028	0.076	-0.144	-0.021	-0.051	-0.12	0.133	-0.026	-0.114	-0.074	-0.066	0.131	0.259	-0.099	0.386
-0.138	0.161	-0.142	-0.023	0.117	-0.046	0.031	0.02	0.106	0.297	0.209	0.193	-0.111	-0.099	0.255	-0.078	0.234	0.155	-0.026	-0.136	-0.111	-0.128	0.187	1	-0.101	-0.072	-0.024	-0.132	-0.116	-0.108	0.003	0.025	0.115	0.355	-0.071	-0.042	-0.077	0.099	0.04	0.142	0.018	0.222	0.12	-0.134	0.414	-0.151	0.312	0.33	-0.12	-0.042	-0.178	-0.059	0.193	-0.099	0.301	0.133	0.083	0.013	-0.145	0.14	-0.091	0.222	-0.029	0.132	0.209	-0.135	-0.107	-0.011	-0.127	0.127	0.021	-0.093	0.009	-0.006	0.121	-0.152	-0.097	0.196	-0.129	-0.119	0.104	0.008	0.231	-0.057	-0.094	-0.169	0.1	-0.153	-0.185	0.103	-0.067	-0.035	0.083	-0.039	-0.212	0.085	-0.122	-0.182	-0.196	0.078	-0.15	0.065	0.071	-0.153	0.261	-0.125	-0.096	0.028	-0.088	0.034	-0.034	0.228	-0.028	-0.103	-0.059	-0.153	0.227	-0.14	0	-0.171	-0.004	-0.091	-0.133	-0.078	0.309	-0.008	0.088	-0.177	0.006	-0.157	-0.011	-0.051	-0.199	0.133	-0.105	-0.045	-0.066	-0.046	0.194	0.035	-0.114	0.346
0.018	0.035	-0.059	-0.065	-0.039	-0.032	0.03	-0.056	-0.016	-0.119	-0.087	-0.067	-0.012	0.074	-0.161	-0.015	0.013	-0.059	0.022	-0.041	0.092	0.196	-0.08	-0.101	1	0.033	-0.072	0.18	0.124	0.207	0.006	-0.113	-0.041	-0.01	0.086	0.031	0.002	0.007	-0.044	-0.041	0.01	-0.027	-0.017	0.051	-0.066	0.025	-0.027	-0.086	0.192	0.001	0.006	0.061	-0.06	0.021	-0.017	-0.028	-0.085	0.08	0.041	-0.092	0.04	-0.088	0	-0.085	-0.042	0.053	0.143	0.032	0.001	-0.08	0.029	-0.097	-0.103	0.031	-0.044	-0.038	-0.064	-0.059	0.183	-0.017	-0.102	-0.083	-0.114	0.039	0.026	0.078	-0.051	0.008	0.104	-0.02	0.022	0.023	-0.046	-0.032	0.093	-0.04	-0.001	0.003	0.146	0.027	0.139	-0.078	-0.096	0.098	-0.086	0.041	0.058	-0.002	0.088	-0.066	0.001	-0.086	-0.014	0.01	0.008	-0.009	-0.018	0.06	-0.008	0.052	-0.015	-0.005	0.019	-0.014	-0.073	-0.076	0.008	-0.019	-0.037	0.041	-0.012	0.033	0.065	-0.118	0.002	-0.07	0.145	0.006	-0.019	0.069	0.023	-0.088
-0.028	-0.046	-0.043	-0.14	0.065	0.016	-0.065	0.055	-0.093	0.026	0.023	-0.078	-0.044	0.109	0.13	0.047	-0.011	-0.074	0.012	0.035	0.086	0.008	0.02	-0.072	0.033	1	-0.084	-0.017	-0.096	-0.033	-0.012	-0.06	-0.021	-0.103	-0.007	-0.082	0.041	-0.075	-0.027	-0.031	0.059	-0.055	-0.004	-0.038	-0.008	-0.054	-0.1	-0.133	0.019	0.006	0.036	0.037	0.11	-0.008	-0.006	0.021	-0.016	-0.055	0.016	-0.083	-0.032	-0.022	0.08	0.054	-0.094	0.046	0.016	0.04	0.201	-0.076	-0.026	-0.084	-0.067	0.018	-0.037	0.018	-0.092	-0.136	-0.01	0.029	-0.029	0.031	0.104	0.038	-0.014	0.025	0.295	-0.012	0.005	-0.018	-0.05	0.008	0.062	0.047	0.038	0.06	0.053	0.024	-0.051	0.026	0.046	-0.081	-0.062	-0.03	-0.045	-0.004	-0.036	-0.08	0.12	-0.06	-0.054	-0.018	-0.006	-0.002	-0.08	0.022	-0.177	0.003	0.02	0.015	0.078	-0.047	0.01	0.114	0.047	-0.012	-0.073	0.023	-0.058	0.019	0.2	0.111	0.007	-0.063	0.048	0.092	0.138	-0.034	-0.012	-0.018	0.02	-0.137
-0.034	0.077	0.118	-0.068	-0.09	0.055	0.099	-0.11	0.088	-0.045	-0.099	0.027	0.029	-0.018	-0.098	-0.043	-0.016	0.106	-0.026	0.074	0.004	-0.011	-0.031	-0.024	-0.072	-0.084	1	0.005	0.107	0.029	0.07	0.096	0.054	-0.009	0.006	0.174	-0.062	0.036	0.014	0.029	-0.084	0.094	-0.025	-0.045	-0.013	-0.054	-0.024	0.058	-0.003	0.051	-0.067	0.058	-0.172	-0.044	-0.044	-0.206	0.035	0.083	-0.058	-0.041	0	-0.02	0.09	-0.106	-0.018	0.027	-0.054	-0.043	-0.133	-0.073	-0.007	0.012	0.078	-0.116	0.089	-0.016	0.022	-0.029	-0.028	-0.001	0.068	-0.126	-0.058	0.005	0.003	0.013	-0.049	0.045	0.03	0.026	-0.07	-0.027	-0.075	-0.112	-0.028	-0.02	0.031	0.031	0.104	0.002	-0.013	-0.049	0.049	0.099	-0.048	0.087	-0.029	-0.047	0.034	0.011	-0.052	0.062	-0.098	-0.033	0.052	-0.07	-0.03	0.012	-0.035	0.005	-0.003	-0.009	-0.037	-0.033	0.021	0.022	0.031	0.023	0.091	-0.038	-0.032	-0.046	0.018	0.034	-0.063	0.062	0.014	-0.036	0.062	0.118	-0.043	0
0.098	-0.087	-0.079	0.051	-0.058	-0.14	-0.019	0.033	-0.081	-0.096	-0.068	-0.103	0	0.031	-0.07	0.022	-0.052	-0.122	0.053	0.048	0.025	0.089	-0.176	-0.132	0.18	-0.017	0.005	1	0.018	0.405	-0.014	-0.042	-0.094	-0.106	0.034	0.078	0.065	-0.104	-0.029	-0.017	-0.057	-0.044	-0.052	0.022	-0.044	0.036	-0.126	-0.09	0.099	-0.006	0.086	0.005	-0.066	0.068	-0.033	-0.039	0.012	0.088	0.077	-0.045	0.107	0.002	-0.002	-0.025	-0.09	0.09	0.085	-0.055	0.035	-0.077	-0.075	0.033	-0.038	0.031	-0.03	0.068	-0.021	-0.038	0.172	0.058	-0.163	0.006	-0.054	0.015	0.081	0.086	-0.083	0.032	0.157	-0.034	0.042	0.088	-0.018	-0.016	0.122	-0.011	0.068	0.044	0.121	0.034	0.064	0.02	0.024	0.087	-0.078	0.016	0.063	0.027	-0.032	0.004	0.062	-0.019	-0.002	0.042	0.089	0.029	-0.119	0.089	-0.029	0.102	0.004	0.01	0.035	0.007	-0.158	0.006	-0.062	-0.028	-0.006	0.089	-0.032	0.018	0.128	-0.071	0	-0.046	0.115	0.033	-0.074	0.002	0.093	-0.189
-0.038	0.093	0.096	-0.071	-0.129	0.033	0.137	-0.142	0.279	-0.116	0.049	0.033	0.069	0.008	-0.123	0.007	-0.068	0.202	-0.044	-0.053	-0.009	0.091	-0.097	-0.116	0.124	-0.096	0.107	0.018	1	0.043	0.104	-0.007	-0.004	-0.12	0.01	0.101	-0.076	-0.019	0.133	-0.111	-0.08	0.014	-0.14	0.035	-0.089	-0.025	-0.098	-0.156	0.089	0.067	0.01	0.202	-0.126	-0.061	-0.101	-0.099	-0.027	0.059	-0.058	-0.16	0.062	-0.129	0.036	-0.175	0.002	-0.027	-0.001	0.152	-0.17	-0.054	0.032	0.118	0.073	-0.09	0.012	-0.014	0.131	-0.077	0.025	-0.069	0.048	-0.163	-0.167	-0.017	-0.072	0.006	0.001	0.103	0.027	-0.085	-0.015	0.026	-0.1	-0.099	0.054	-0.12	0.03	0.055	0.133	-0.071	0.073	-0.013	-0.018	0.133	-0.068	0.016	0.069	0.004	0.087	-0.031	-0.017	-0.101	-0.045	-0.085	0.115	0.067	-0.046	-0.001	0.02	-0.029	0.058	0.085	-0.015	-0.007	-0.113	-0.088	-0.037	0.025	0.051	-0.05	-0.074	-0.002	-0.015	-0.044	-0.007	-0.006	0.069	0.02	-0.036	0.221	-0.044	-0.027
0.065	-0.06	-0.078	0.008	-0.071	-0.105	0.005	-0.029	-0.077	-0.107	-0.077	-0.054	0.006	-0.009	-0.081	0.011	-0.009	-0.121	0.005	0.052	-0.017	0.103	-0.142	-0.108	0.207	-0.033	0.029	0.405	0.043	1	0.011	-0.077	-0.022	-0.078	-0.011	0.089	0.071	-0.055	-0.022	-0.053	-0.034	-0.023	-0.054	0.035	-0.053	-0.026	-0.109	-0.102	0.111	0.046	0.054	0.02	-0.059	0.068	-0.04	-0.054	0.004	0.108	0.056	-0.042	0.115	-0.029	-0.028	-0.036	-0.095	0.061	0.098	-0.042	-0.013	-0.1	-0.087	0.036	-0.047	0	-0.018	0.063	0.01	-0.085	0.139	0.043	-0.16	-0.018	-0.05	0.027	0.046	0.097	-0.078	0.046	0.171	-0.056	0.075	0.08	-0.029	-0.009	0.08	-0.007	0.057	0.051	0.163	0.049	0.086	0.025	0.023	0.105	-0.048	0.031	0.06	0.04	-0.031	-0.015	0.078	-0.001	-0.007	0.053	0.081	0.021	-0.099	0.097	-0.015	0.093	0.005	0.033	0.038	-0.062	-0.198	-0.017	-0.061	-0.038	0.016	0.081	-0.061	-0.016	0.134	-0.064	0.003	-0.071	0.128	0.031	-0.07	0.029	0.08	-0.163
0.03	0.014	-0.121	-0.013	0.025	-0.018	0.073	-0.077	0.027	-0.012	-0.06	0.012	-0.076	-0.072	-0.053	0.108	-0.056	0.073	-0.016	0.082	-0.072	-0.071	0.03	0.003	0.006	-0.012	0.07	-0.014	0.104	0.011	1	0.066	-0.035	0.033	-0.035	0.181	-0.024	-0.031	0.019	0.011	-0.034	0.083	-0.08	-0.023	0.03	0.022	-0.022	-0.083	-0.072	0.057	-0.029	0.106	-0.064	-0.006	-0.021	-0.063	0.169	0.022	-0.001	-0.069	-0.05	0.024	0.042	-0.084	0.01	-0.017	-0.045	-0.009	0.016	-0.026	0.089	0.07	0.064	0.018	0.038	-0.05	0.114	-0.095	0.064	0.073	0.064	-0.013	-0.011	0.065	0.051	-0.025	-0.016	0.006	0.025	-0.082	-0.068	0.034	-0.053	-0.025	-0.041	-0.075	0.045	0.066	-0.012	-0.007	-0.033	-0.026	0.001	0.087	-0.021	0.061	0.004	-0.036	-0.038	-0.034	-0.063	-0.011	-0.029	0.012	0.179	0.014	-0.011	0.068	-0.047	0.015	0.068	-0.014	-0.061	0.059	-0.049	-0.051	0.023	-0.066	0.021	0.025	-0.035	-0.035	-0.022	0.016	-0.038	-0.062	-0.03	-0.061	-0.015	0.023	-0.032	-0.042
-0.025	0.217	-0.026	0.022	-0.015	-0.018	0.051	-0.058	0.086	0.062	-0.046	0.002	0.032	-0.093	0.068	-0.003	-0.062	0.172	-0.066	0.041	-0.111	-0.095	0.054	0.025	-0.113	-0.06	0.096	-0.042	-0.007	-0.077	0.066	1	-0.024	0.006	-0.11	0.05	-0.001	0.045	0.041	0.069	-0.086	0.147	0.025	-0.02	0.054	-0.037	0.047	0.048	-0.112	0.003	0.003	0.063	-0.188	0.033	0.012	-0.064	0.093	-0.024	-0.032	0.033	0.086	0.028	0.02	0.01	0.027	-0.023	-0.088	-0.07	0.004	-0.076	0.008	0.037	0.058	-0.012	0.13	0.037	0.033	-0.018	0	0.004	0.048	0.034	-0.006	0.001	0.003	-0.076	-0.02	0.031	-0.105	-0.024	-0.068	-0.064	0.025	-0.109	-0.061	-0.042	-0.009	0	-0.089	0.004	-0.102	0.082	0.067	0.094	0.075	0.03	-0.034	0.13	-0.066	0.142	-0.059	-0.005	-0.109	0.021	0.142	-0.015	0.028	-0.034	-0.057	-0.004	-0.08	0.042	-0.027	0.024	0.073	0.041	0.034	-0.01	0.022	0.01	-0.026	-0.043	0.011	0.003	-0.076	-0.034	0.094	-0.069	0.141	-0.032	-0.006	0.079
-0.084	0.132	0.038	-0.106	-0.035	-0.041	0.152	-0.121	0.111	0.195	0.049	0.246	-0.008	-0.013	0.028	-0.11	0.19	0.209	-0.053	-0.011	-0.015	-0.159	0.167	0.115	-0.041	-0.021	0.054	-0.094	-0.004	-0.022	-0.035	-0.024	1	0.067	-0.06	-0.024	-0.03	0.036	-0.053	-0.14	0.183	0.102	0.112	0.022	0.061	-0.03	0.045	0.062	-0.119	0.052	-0.114	-0.001	0.022	-0.122	0.108	0.01	-0.033	0.136	-0.051	0.039	-0.039	-0.082	-0.047	-0.054	0.115	-0.028	-0.174	-0.019	-0.186	0.057	0.066	0.046	0.073	-0.039	0.237	-0.091	0.009	0.088	-0.145	-0.048	0.051	-0.115	0.013	-0.066	-0.042	-0.1	0.024	-0.022	-0.044	0.164	0.005	-0.085	-0.046	-0.104	-0.088	-0.019	-0.115	-0.086	-0.019	0.004	-0.137	0.096	0.021	-0.027	0.043	-0.004	-0.087	0.077	0.015	0.026	0.012	-0.019	-0.038	-0.062	-0.083	-0.053	0.142	-0.077	0.013	-0.064	-0.007	0.09	-0.024	-0.077	0.072	-0.066	0.112	-0.022	0.051	-0.118	-0.006	-0.043	-0.084	0.041	-0.01	-0.03	-0.037	0.011	0.13	0.108	-0.112	0.154
-0.122	0.023	-0.099	0.001	0.113	0.003	-0.041	0.038	0.023	0.153	-0.037	0.095	-0.071	-0.049	0.108	-0.025	0.228	0.067	-0.048	-0.069	-0.051	-0.133	0.179	0.355	-0.01	-0.103	-0.009	-0.106	-0.12	-0.078	0.033	0.006	0.067	1	-0.018	-0.012	-0.044	0.033	0.101	0.225	0.049	0.217	0.164	-0.085	0.378	-0.095	0.304	0.301	-0.127	-0.083	-0.12	-0.108	0.158	-0.014	0.206	0.145	0.086	-0.009	-0.089	0.068	-0.117	0.159	0.011	0.066	0.114	-0.07	-0.063	-0.071	-0.017	0.187	-0.01	-0.097	-0.017	0.027	0.087	-0.066	-0.128	0.095	-0.068	-0.059	-0.052	0.002	0.04	-0.02	-0.015	-0.024	-0.035	-0.114	-0.077	0.118	-0.088	0.036	0.049	0.039	-0.143	-0.059	-0.044	-0.076	-0.188	0.057	-0.125	-0.012	-0.006	-0.081	0.158	-0.061	0.007	-0.021	-0.072	0.07	-0.099	0.178	-0.018	-0.038	-0.063	-0.051	0.239	-0.071	-0.079	-0.108	-0.041	-0.027	-0.07	-0.09	0.205	-0.016	0.109	-0.056	-0.017	-0.124	0.025	-0.044	-0.106	0.06	-0.042	-0.093	-0.055	-0.061	0.179	-0.071	-0.092	0.204
0.065	0.025	-0.015	0.033	-0.021	-0.042	-0.139	0.116	0.035	-0.131	-0.025	-0.047	0.018	0.037	0.055	0.041	-0.063	-0.028	-0.043	-0.017	0.03	0.051	0.069	-0.071	0.086	-0.007	0.006	0.034	0.01	-0.011	-0.035	-0.11	-0.06	-0.018	1	0.005	-0.025	0.04	-0.012	0.06	-0.006	-0.123	-0.022	-0.01	-0.027	0.029	-0.044	-0.008	0.039	0.011	-0.045	-0.04	-0.012	0.006	-0.073	-0.056	0.001	-0.042	-0.006	-0.01	-0.064	-0.019	0.019	0.011	-0.052	0.014	0.041	0.048	0.001	-0.015	0.017	-0.002	-0.044	-0.041	-0.142	0.028	-0.077	0.041	-0.011	-0.024	-0.06	-0.036	0.002	0.046	-0.015	0.022	-0.04	-0.047	0.017	-0.03	0.062	0.052	-0.05	0.074	0.067	0.089	0.015	0.002	0.098	0.048	0.055	-0.038	0.058	-0.029	0.026	0.031	0.049	0.03	-0.006	-0.079	0.062	-0.063	0.013	0.001	-0.073	-0.051	0.009	-0.007	-0.033	0.038	0.02	0.013	-0.013	0.007	0.031	0.096	-0.042	0.032	0.052	0.07	-0.018	-0.023	-0.002	-0.017	-0.001	0.027	0.002	-0.008	0.018	0.024	0.011	-0.042
0.106	0.057	-0.02	0.043	-0.048	-0.119	0.152	-0.065	0.006	-0.086	-0.161	-0.02	0.026	-0.116	-0.063	0.02	-0.008	0.077	-0.041	0	-0.076	0.011	-0.048	-0.042	0.031	-0.082	0.174	0.078	0.101	0.089	0.181	0.05	-0.024	-0.012	0.005	1	0.045	-0.052	0.04	0.007	-0.118	0.085	-0.109	0.027	-0.031	0.067	0.003	-0.094	0.058	0.046	-0.036	-0.019	-0.089	0.016	-0.051	-0.132	0.007	0.046	-0.017	-0.064	0.08	0.037	0.053	-0.077	-0.005	0.009	0.005	0.024	-0.112	-0.042	0.052	0.13	0.041	-0.023	0.088	-0.031	0.111	-0.071	0.059	0.018	-0.079	-0.033	-0.044	0.076	0.065	0.027	-0.072	0.079	-0.066	-0.051	0	-0.008	-0.009	-0.091	-0.026	-0.054	0.017	0.086	0.047	0.046	-0.008	0.049	0.045	0.013	-0.024	0.004	-0.06	0.037	-0.031	0.021	0.013	-0.022	-0.102	0.035	0.171	0.076	-0.046	0.022	0.019	0.025	-0.018	0.018	0.003	-0.059	-0.103	-0.009	-0.014	-0.052	0.067	0.039	-0.066	-0.019	0.001	0.004	-0.032	-0.029	-0.039	-0.037	0.011	0.054	0.014	-0.046
0.086	-0.085	-0.053	0.062	0.001	-0.042	-0.086	0.051	-0.169	-0.122	-0.061	-0.074	0.05	0.097	-0.038	0.028	-0.049	-0.177	0.033	0.076	0.085	0.045	-0.095	-0.077	0.002	0.041	-0.062	0.065	-0.076	0.071	-0.024	-0.001	-0.03	-0.044	-0.025	0.045	1	-0.016	-0.089	0.009	-0.046	-0.025	-0.042	0.045	-0.077	0.088	-0.029	-0.047	0.07	-0.027	0.075	-0.056	-0.049	0.069	-0.056	-0.024	-0.034	0.048	0.066	-0.011	0.044	0.008	0.015	-0.018	-0.006	0.052	0.052	0.015	0.151	-0.098	-0.024	-0.023	-0.032	0.056	-0.031	0.16	0.013	-0.069	0.086	0.161	-0.072	0.037	-0.057	0.052	0.163	0.051	-0.028	0.029	-0.001	-0.023	0.067	0.038	-0.006	0.04	0.068	-0.085	0.032	0.048	-0.004	0.021	0.047	-0.086	-0.001	0.045	-0.044	0.025	0.007	-0.008	-0.081	0.003	0.047	-0.001	0.058	0.204	-0.064	0.064	-0.152	0.073	0.064	0.093	-0.036	0.003	0.069	-0.028	-0.103	0.017	-0.056	0.011	-0.081	0.096	0.057	0.103	0.082	-0.027	0.069	-0.005	0.013	0.054	-0.052	-0.089	0.083	-0.197
-0.084	0.097	0.071	-0.128	-0.024	0.193	0.138	-0.23	0.352	0.108	0.099	0.206	0.023	-0.072	-0.044	-0.028	0.088	0.259	-0.077	-0.03	-0.026	-0.103	0.272	0.099	0.007	-0.075	0.036	-0.104	-0.019	-0.055	-0.031	0.045	0.036	0.033	0.04	-0.052	-0.016	1	-0.011	-0.063	0.013	0.102	0.025	-0.035	0.049	-0.122	0.058	0.083	-0.092	-0.067	-0.077	0.083	-0.123	-0.072	-0.039	-0.049	-0.051	0.04	-0.12	0.025	-0.008	-0.136	-0.076	-0.159	0.117	-0.081	-0.094	0.015	-0.258	0.037	0.091	-0.009	0.01	-0.041	0.165	-0.046	-0.025	0.116	-0.066	-0.014	0.121	-0.168	-0.147	-0.067	-0.031	-0.058	-0.013	-0.046	-0.003	0.036	-0.007	0.03	-0.057	-0.065	-0.086	0.009	-0.095	-0.082	-0.017	-0.077	-0.096	0.068	-0.045	-0.027	0.039	-0.009	-0.005	0.042	0.083	-0.033	-0.028	-0.08	-0.12	-0.032	-0.028	-0.029	0.292	-0.059	0.023	-0.088	0.013	-0.042	-0.053	-0.117	0.117	0.043	0.079	0.007	0.073	-0.083	-0.046	-0.057	-0.089	0.031	-0.065	-0.044	-0.066	-0.003	0.2	0.363	-0.135	0.255
-0.077	0.154	0.037	0.023	0.003	0.073	0.102	-0.104	0.225	0.032	0.118	-0.006	-0.069	-0.084	-0.007	0.007	0.018	0.255	-0.133	-0.085	-0.062	0.024	0.021	0.04	-0.044	-0.027	0.014	-0.029	0.133	-0.022	0.019	0.041	-0.053	0.101	-0.012	0.04	-0.089	-0.011	1	0.069	-0.029	0.121	-0.046	-0.087	0.066	-0.068	0.09	0.019	0.015	-0.012	-0.026	0.057	-0.021	-0.058	-0.048	-0.028	0.107	-0.062	-0.056	-0.056	0.118	-0.033	-0.121	0.022	0.021	-0.106	-0.03	0.053	-0.062	0.026	-0.049	-0.022	-0.011	-0.044	-0.046	-0.087	0.031	0.018	0.016	-0.061	0.035	-0.025	0.076	-0.097	-0.067	-0.061	-0.052	-0.004	0.014	-0.017	-0.069	-0.079	0.03	0.046	-0.033	-0.011	0.025	0.022	0.091	-0.032	-0.033	0.109	0.058	-0.036	0.037	-0.017	0.054	-0.057	0.022	0.037	-0.109	-0.021	-0.06	-0.095	0.175	0.043	0.143	-0.07	0.012	-0.088	-0.027	-0.053	-0.079	-0.06	0.112	-0.044	-0.028	-0.054	0.102	-0.07	-0.029	-0.048	-0.071	0.081	-0.035	-0.036	-0.026	-0.037	0.09	0.081	-0.096	0.133
0.011	-0.073	-0.068	0.016	0.075	-0.151	-0.07	0.157	-0.128	-0.101	-0.052	-0.12	-0.029	-0.036	0.096	0.018	0.043	-0.029	-0.039	0.004	-0.067	0.015	-0.024	0.142	-0.041	-0.031	0.029	-0.017	-0.111	-0.053	0.011	0.069	-0.14	0.225	0.06	0.007	0.009	-0.063	0.069	1	-0.098	0.035	0.106	0.001	0.168	-0.024	0.212	0.167	-0.042	-0.096	-0.037	-0.105	0.035	0.018	0.102	0.105	0.074	0.001	0.046	0.055	0.011	0.103	-0.051	0.111	0.061	-0.029	0.041	-0.136	0.108	0.032	-0.015	-0.002	0.021	0.041	0.025	0.025	-0.045	0.018	-0.001	0.018	-0.097	0.091	0.049	0.067	0.009	0.064	-0.017	-0.022	-0.092	-0.006	-0.079	0.019	0.054	0.068	-0.024	-0.023	0.041	-0.035	-0.147	0.086	0.022	-0.033	0.024	0.018	0.081	-0.008	-0.029	0.007	-0.096	0.015	-0.058	0.167	0.002	0.013	-0.001	0.023	-0.067	0.018	-0.043	-0.001	0.005	-0.072	-0.045	-0.016	0.12	0.06	0.039	-0.014	0.01	0.023	0.012	-0.013	0.021	0.035	0.019	0.057	-0.1	0.003	0.081	-0.165	0.009	0.053
-0.017	0.069	-0.053	-0.064	0.024	0.083	-0.054	-0.044	-0.023	0.25	-0.016	0.195	0.033	0.093	0.053	0.023	0.153	-0.042	0.055	-0.048	0.102	0.016	0.063	0.018	0.01	0.059	-0.084	-0.057	-0.08	-0.034	-0.034	-0.086	0.183	0.049	-0.006	-0.118	-0.046	0.013	-0.029	-0.098	1	-0.076	0.117	-0.011	0.015	0.045	0.038	0.03	-0.082	-0.04	0	-0.006	0.13	-0.01	0.026	0.012	-0.076	-0.029	0.022	0.042	-0.092	-0.039	-0.029	-0.01	0.084	0.002	0.004	-0.123	-0.002	-0.001	-0.011	0.002	-0.025	0.023	0.013	0.011	-0.114	0.008	-0.013	-0.023	0.015	-0.055	0.033	-0.028	-0.013	-0.037	-0.047	-0.023	0.004	0.136	-0.003	-0.014	-0.042	-0.035	-0.023	0.048	-0.026	-0.08	-0.015	0.008	-0.005	-0.011	-0.033	-0.033	-0.027	-0.066	0.053	-0.05	0.067	-0.01	0.04	-0.007	-0.009	0.014	-0.06	-0.062	0.066	0.043	-0.01	-0.071	-0.072	0.024	0.001	0.015	0.009	0.025	0.096	0.007	-0.013	-0.076	0.034	0.002	-0.017	-0.035	-0.047	-0.055	-0.048	0.08	-0.013	0.041	-0.01	0.106
-0.099	0.147	-0.085	-0.124	0.035	0.059	0.208	-0.146	0.172	0.186	0.097	0.186	-0.113	-0.121	0.012	0.044	0.127	0.365	-0.154	-0.07	-0.099	-0.113	0.144	0.222	-0.027	-0.055	0.094	-0.044	0.014	-0.023	0.083	0.147	0.102	0.217	-0.123	0.085	-0.025	0.102	0.121	0.035	-0.076	1	0.108	-0.144	0.121	-0.093	0.124	0.13	-0.086	-0.023	-0.166	0.01	-0.042	-0.137	0.15	-0.067	0.159	0.121	-0.136	-0.03	0.011	-0.049	-0.042	-0.001	0.037	-0.168	-0.166	0.044	-0.168	0.088	0.13	-0.013	0.095	-0.036	0.293	-0.073	0.05	0.042	-0.087	-0.041	0.081	-0.114	0.064	-0.002	-0.019	-0.07	0.049	-0.027	-0.053	0.055	-0.118	-0.029	-0.023	-0.123	-0.134	0.061	-0.043	-0.127	-0.03	-0.057	-0.136	0.196	0.018	-0.034	0.104	-0.003	-0.036	0.073	0.047	0.066	-0.159	-0.015	-0.098	-0.041	0.102	-0.05	0.147	-0.159	-0.078	-0.123	-0.039	-0.021	-0.141	-0.067	0.174	-0.11	0.108	-0.143	0.069	-0.126	-0.074	-0.129	-0.083	0.052	-0.139	-0.102	0.007	-0.189	0.104	0.15	-0.139	0.23
-0.096	-0.001	-0.045	-0.036	0.082	0.038	0.009	0.049	-0.037	0.301	0.043	0.111	-0.047	-0.047	0.099	-0.11	0.097	-0.017	-0.033	-0.015	-0.033	0.004	0.118	0.12	-0.017	-0.004	-0.025	-0.052	-0.14	-0.054	-0.08	0.025	0.112	0.164	-0.022	-0.109	-0.042	0.025	-0.046	0.106	0.117	0.108	1	-0.051	0.15	-0.07	0.057	0.163	-0.045	0.007	-0.097	-0.075	0.155	-0.01	0.229	0.11	0.069	0.065	-0.048	0.095	-0.128	0.003	-0.092	0.084	0.078	-0.073	-0.02	-0.089	-0.016	0.122	0.068	-0.053	-0.037	-0.03	0.11	-0.044	-0.093	0.113	-0.08	-0.055	-0.026	-0.007	0.025	-0.063	-0.029	-0.055	-0.024	-0.04	-0.07	0.061	-0.1	0.036	0.015	0.066	-0.047	0.008	-0.083	-0.084	-0.082	-0.002	-0.055	0.037	-0.095	-0.042	0.008	-0.068	-0.068	0.05	-0.028	0.05	-0.074	0.08	-0.039	-0.013	-0.056	-0.029	0.195	-0.047	-0.037	-0.086	-0.041	-0.043	-0.077	-0.088	0.163	0.002	0.052	-0.061	0.019	-0.071	0.03	-0.05	-0.001	0.041	0	-0.012	0.048	-0.037	0.081	-0.025	-0.115	0.136
0.079	-0.065	0.016	0.08	-0.028	-0.037	-0.072	0.037	-0.117	-0.07	-0.141	-0.099	0.175	0.024	-0.054	-0.013	-0.077	-0.106	0.065	0.048	0.045	0.062	-0.106	-0.134	0.051	-0.038	-0.045	0.022	0.035	0.035	-0.023	-0.02	0.022	-0.085	-0.01	0.027	0.045	-0.035	-0.087	0.001	-0.011	-0.144	-0.051	1	-0.087	0.155	-0.053	-0.065	0.021	-0.001	0.062	-0.023	-0.081	0.064	-0.07	-0.019	-0.072	0.013	0.086	-0.014	0.031	-0.016	0.023	-0.03	-0.008	0.059	0.047	-0.07	0.015	-0.094	-0.031	0.071	0.038	0.012	-0.005	0.034	0.068	-0.065	0.034	0.02	-0.092	-0.001	-0.085	0.035	0.042	0.079	-0.092	0.104	0.01	0.036	0.058	-0.008	0.008	-0.012	0.054	-0.113	0.054	0.1	0.03	0.039	0.047	-0.018	-0.01	0.021	-0.023	0.056	0.028	-0.038	-0.028	-0.037	0.062	-0.006	0.034	0.059	-0.037	0.074	-0.079	0.044	0.053	0.096	-0.026	0.055	0.24	0.007	-0.1	0.021	-0.032	0.036	-0.055	0.077	-0.006	0.06	0.09	-0.143	0.043	-0.044	0.052	0.149	-0.104	-0.082	0.079	-0.115
